"date","countrycode2","population","cases","deaths","cases_prev_week","deaths_prev_week","cases_infected","cum_deaths","cases_contagious","cases_active","p_cases_infected","p_cases","p_cases_contagious","p_cases_active"
"2020/01/06","JP",126860299,0,0,0,0,0,0,0,0,0,0,0,0
"2020/01/13","JP",126860299,0,0,0,0,0,0,0,0,0,0,0,0
"2020/01/20","JP",126860299,1,0,1,0,1,0,1,1,7.88268676554199e-09,7.88268676554199e-09,7.88268676554199e-09,7.88268676554199e-09
"2020/01/27","JP",126860299,2,0,3,0,3,0,3,3,2.3648060296626e-08,1.5765373531084e-08,2.3648060296626e-08,2.3648060296626e-08
"2020/02/03","JP",126860299,17,0,20,0,20,0,20,20,1.5765373531084e-07,1.34005675014214e-07,1.5765373531084e-07,1.5765373531084e-07
"2020/02/10","JP",126860299,5,0,25,0,25,0,25,25,1.9706716913855e-07,3.941343382771e-08,1.9706716913855e-07,1.9706716913855e-07
"2020/02/17","JP",126860299,34,1,59,1,59,1,59,59,4.65078519166978e-07,2.68011350028428e-07,4.65078519166978e-07,4.65078519166978e-07
"2020/02/24","JP",126860299,85,0,144,1,144,1,144,144,1.13510689423805e-06,6.70028375071069e-07,1.13510689423805e-06,1.13510689423805e-06
"2020/03/02","JP",126860299,110,5,254,6,254,6,254,254,2.00220243844767e-06,8.67095544209619e-07,2.00220243844767e-06,2.00220243844767e-06
"2020/03/09","JP",126860299,234,1,487,7,488,7,488,488,3.84675114158449e-06,1.84454870313683e-06,3.84675114158449e-06,3.84675114158449e-06
"2020/03/16","JP",126860299,326,17,811,24,814,24,814,814,6.41650702715118e-06,2.56975588556669e-06,6.41650702715118e-06,6.41650702715118e-06
"2020/03/23","JP",126860299,275,17,1069,41,1089,41,1089,1089,8.58424588767523e-06,2.16773886052405e-06,8.58424588767523e-06,8.58424588767523e-06
"2020/03/30","JP",126860299,777,13,1841,54,1866,54,1866,1866,1.47090935045014e-05,6.12484761682613e-06,1.47090935045014e-05,1.47090935045014e-05
"2020/04/06","JP",126860299,1788,19,3595,72,3654,73,3654,3654,2.88033374412904e-05,1.40942439367891e-05,2.88033374412904e-05,2.88033374412904e-05
"2020/04/13","JP",126860299,3601,29,7111,101,7255,102,7254,7255,5.71888924840072e-05,2.83855550427167e-05,5.71810097972416e-05,5.71888924840072e-05
"2020/04/20","JP",126860299,3496,69,10497,165,10751,171,10748,10751,8.4746765416342e-05,2.75578729323348e-05,8.47231173560453e-05,8.4746765416342e-05
"2020/04/27","JP",126860299,2634,180,12897,344,13385,351,13365,13385,0.00010550976235678,2.07629969404376e-05,0.000105352108621469,0.00010550976235678
"2020/05/04","JP",126860299,1672,159,14243,486,15057,510,15032,15057,0.000118689614628766,1.31798522719862e-05,0.000118492547459627,0.000118689614628766
"2020/05/11","JP",126860299,741,111,14709,580,15798,621,15739,15798,0.000124530685522032,5.84107089326662e-06,0.000124065607002865,0.000124530685522032
"2020/05/18","JP",126860299,507,128,14439,695,16305,749,16161,16305,0.000128527207712162,3.99652219012979e-06,0.000127392100817924,0.000128527207712162
"2020/05/25","JP",126860299,276,81,12927,757,16581,830,16327,16580,0.000130702829259452,2.17562154728959e-06,0.000128700626821004,0.000130694946572686
"2020/06/01","JP",126860299,303,62,9629,790,16884,892,16396,16881,0.000133091283349411,2.38845408995922e-06,0.000129244532207827,0.000133067635289114
"2020/06/08","JP",126860299,290,24,6423,745,17174,916,16360,17154,0.000135377262511418,2.28597916200718e-06,0.000128960755484267,0.000135219608776107
"2020/06/15","JP",126860299,328,9,4117,574,17502,925,16413,17477,0.000137962783770516,2.58552125909777e-06,0.000129378537882841,0.000137765716601377
"2020/06/22","JP",126860299,414,28,2859,443,17916,953,16050,17857,0.00014122621609145,3.26343232093438e-06,0.000126517122586949,0.000140761137572283
"2020/06/29","JP",126860299,560,19,2678,351,18476,972,14822,18332,0.000145640520680154,4.41430458870352e-06,0.000116837183238863,0.000144505413785916
"2020/07/06","JP",126860299,1299,5,3470,228,19775,977,12520,19521,0.000155880130788593,1.0239610108439e-05,9.86912383045857e-05,0.000153877928350145
"2020/07/13","JP",126860299,2093,5,5287,152,21868,982,11117,21380,0.000172378594188872,1.64984634002794e-05,8.76318287725303e-05,0.000168531843047288
"2020/07/20","JP",126860299,3228,3,8212,93,25096,985,11711,24282,0.000197823907068042,2.54453128791696e-05,9.23141447112623e-05,0.000191407400040891
"2020/07/27","JP",126860299,4893,11,12815,80,29989,996,14932,28900,0.000236393893411839,3.8569986343797e-05,0.000117704278783073,0.000227809647524164
"2020/08/03","JP",126860299,8083,15,20570,86,38072,1011,22274,36206,0.000300109650537715,6.37157571258759e-05,0.000175578965015682,0.000285400557033213
"2020/08/10","JP",126860299,9918,36,30074,94,47990,1047,31685,44336,0.00037829013787836,7.81804873406455e-05,0.000249762930166198,0.00034948680043707
"2020/08/17","JP",126860299,6962,51,36476,126,54952,1098,38371,47697,0.000433169403140064,5.48792652617034e-05,0.000302466573880612,0.000375980510656056
"2020/08/24","JP",126860299,6802,82,41979,203,61754,1180,44870,51003,0.00048678743851928,5.36180353792166e-05,0.000353696155169869,0.000402040673102938
"2020/08/31","JP",126860299,6111,99,45997,297,67865,1279,50691,54480,0.000534958537343507,4.81710988242271e-05,0.000399581274832089,0.000429448774986728
"2020/09/07","JP",126860299,3991,84,46760,378,71856,1363,54354,56799,0.000566418340224785,3.14598028812781e-05,0.000428455556454269,0.00044772872559602
"2020/09/14","JP",126860299,3801,79,45668,446,75657,1442,57741,59859,0.000596380432620611,2.99620923958251e-05,0.00045515421652916,0.000471849747098578
"2020/09/21","JP",126860299,3000,58,40585,489,78657,1500,60181,62352,0.000620028492917236,2.3648060296626e-05,0.000474387972237083,0.000491501285205074
"2020/09/28","JP",126860299,3474,48,34141,501,82131,1548,62356,65550,0.000647412946740729,2.73844538234929e-05,0.000491532815952136,0.000516710117481278
"2020/10/05","JP",126860299,3608,51,30787,501,85739,1599,63871,68855,0.000675853680590805,2.84407338500755e-05,0.000503475086401933,0.000542762397241394
"2020/10/12","JP",126860299,3608,30,27593,449,89347,1629,64251,72173,0.00070429441444088,2.84407338500755e-05,0.000506470507372838,0.000568917151929462
"2020/10/19","JP",126860299,3780,45,25262,395,93127,1674,63138,75625,0.000734090970414629,2.97965559737487e-05,0.00049769707700279,0.000596128186644113
"2020/10/26","JP",126860299,3947,44,25218,355,97074,1718,59002,79158,0.000765203935078223,3.11129646635942e-05,0.000465094284540509,0.000623977718986773
"2020/11/02","JP",126860299,4739,56,26156,332,101813,1774,53823,83337,0.000802559987660127,3.73560525819035e-05,0.000424269849781767,0.000656919466979973
"2020/11/09","JP",126860299,6271,44,29427,318,108084,1818,53132,88309,0.000851992316366841,4.94323287067138e-05,0.000418822913226777,0.000696112185578248
"2020/11/16","JP",126860299,8593,65,34546,335,116677,1883,54923,94809,0.000919728243743143,6.77359273763023e-05,0.000432940805223863,0.000747349649554271
"2020/11/23","JP",126860299,14240,97,45178,381,130917,1980,63052,105821,0.00103197770328446,0.000112249459541318,0.000497019165940954,0.000834153796216419
"2020/11/30","JP",126860299,15843,139,57413,490,146760,2119,74904,116771,0.00115686310971094,0.000124885406426482,0.000590444769486157,0.000920469216299104
"2020/12/07","JP",126860299,15307,216,68940,661,162067,2335,86410,123995,0.00127752339603109,0.000120660286320151,0.000681142963410483,0.000977413745493379
"2020/12/14","JP",126860299,17586,250,82579,867,179653,2585,100996,131663,0.00141614832548992,0.000138624929458821,0.000796119832572679,0.00103785818761156
